Generated 2791210 clauses over 7680 variables.
Calling solver....
Solution found:


p(1,15,1)
p(2,7,1)
p(3,9,1)
p(4,11,1)
p(5,10,1)
p(13,6,1)
p(14,8,1)
p(16,12,1)

p(6,4,2)
p(7,5,2)
p(8,1,2)
p(9,16,2)
p(10,2,2)
p(11,13,2)
p(12,3,2)
p(15,14,2)

p(1,10,3)
p(2,11,3)
p(3,15,3)
p(4,12,3)
p(5,9,3)
p(13,8,3)
p(14,7,3)
p(16,6,3)

p(2,9,4)
p(3,4,4)
p(6,10,4)
p(7,11,4)
p(8,15,4)
p(12,1,4)
p(13,16,4)
p(14,5,4)

p(1,4,5)
p(6,2,5)
p(7,13,5)
p(9,8,5)
p(10,3,5)
p(11,5,5)
p(15,12,5)
p(16,14,5)

p(4,10,6)
p(5,6,6)
p(8,2,6)
p(9,7,6)
p(11,15,6)
p(13,1,6)
p(14,12,6)
p(16,3,6)

p(1,7,7)
p(2,14,7)
p(3,8,7)
p(4,16,7)
p(6,9,7)
p(10,11,7)
p(12,13,7)
p(15,5,7)

p(3,14,8)
p(7,4,8)
p(8,5,8)
p(9,1,8)
p(11,6,8)
p(12,10,8)
p(13,2,8)
p(16,15,8)

p(1,11,9)
p(2,12,9)
p(5,16,9)
p(6,3,9)
p(8,7,9)
p(10,9,9)
p(14,4,9)
p(15,13,9)

p(3,5,10)
p(4,2,10)
p(6,1,10)
p(7,16,10)
p(9,12,10)
p(10,15,10)
p(11,8,10)
p(13,14,10)

p(2,1,11)
p(7,10,11)
p(9,11,11)
p(12,5,11)
p(13,3,11)
p(14,6,11)
p(15,4,11)
p(16,8,11)

p(1,14,12)
p(2,15,12)
p(4,9,12)
p(5,13,12)
p(6,7,12)
p(8,12,12)
p(10,16,12)
p(11,3,12)

p(3,1,13)
p(5,2,13)
p(8,4,13)
p(12,7,13)
p(13,9,13)
p(14,10,13)
p(15,6,13)
p(16,11,13)

p(1,5,14)
p(2,16,14)
p(4,13,14)
p(6,12,14)
p(7,3,14)
p(9,15,14)
p(10,8,14)
p(11,14,14)

p(3,2,15)
p(5,4,15)
p(8,6,15)
p(12,11,15)
p(13,10,15)
p(14,9,15)
p(15,7,15)
p(16,1,15)

p(15,1,16)
p(7,2,16)
p(9,3,16)
p(11,4,16)
p(10,5,16)
p(6,13,16)
p(8,14,16)
p(12,16,16)

p(4,6,17)
p(5,7,17)
p(1,8,17)
p(16,9,17)
p(2,10,17)
p(13,11,17)
p(3,12,17)
p(14,15,17)

p(10,1,18)
p(11,2,18)
p(15,3,18)
p(12,4,18)
p(9,5,18)
p(8,13,18)
p(7,14,18)
p(6,16,18)

p(9,2,19)
p(4,3,19)
p(10,6,19)
p(11,7,19)
p(15,8,19)
p(1,12,19)
p(16,13,19)
p(5,14,19)

p(4,1,20)
p(2,6,20)
p(13,7,20)
p(8,9,20)
p(3,10,20)
p(5,11,20)
p(12,15,20)
p(14,16,20)

p(10,4,21)
p(6,5,21)
p(2,8,21)
p(7,9,21)
p(15,11,21)
p(1,13,21)
p(12,14,21)
p(3,16,21)

p(7,1,22)
p(14,2,22)
p(8,3,22)
p(16,4,22)
p(9,6,22)
p(11,10,22)
p(13,12,22)
p(5,15,22)

p(14,3,23)
p(4,7,23)
p(5,8,23)
p(1,9,23)
p(6,11,23)
p(10,12,23)
p(2,13,23)
p(15,16,23)

p(11,1,24)
p(12,2,24)
p(16,5,24)
p(3,6,24)
p(7,8,24)
p(9,10,24)
p(4,14,24)
p(13,15,24)

p(5,3,25)
p(2,4,25)
p(1,6,25)
p(16,7,25)
p(12,9,25)
p(15,10,25)
p(8,11,25)
p(14,13,25)

p(1,2,26)
p(10,7,26)
p(11,9,26)
p(5,12,26)
p(3,13,26)
p(6,14,26)
p(4,15,26)
p(8,16,26)

p(14,1,27)
p(15,2,27)
p(9,4,27)
p(13,5,27)
p(7,6,27)
p(12,8,27)
p(16,10,27)
p(3,11,27)

p(1,3,28)
p(2,5,28)
p(4,8,28)
p(7,12,28)
p(9,13,28)
p(10,14,28)
p(6,15,28)
p(11,16,28)

p(5,1,29)
p(16,2,29)
p(13,4,29)
p(12,6,29)
p(3,7,29)
p(15,9,29)
p(8,10,29)
p(14,11,29)

p(2,3,30)
p(4,5,30)
p(6,8,30)
p(11,12,30)
p(10,13,30)
p(9,14,30)
p(7,15,30)
p(1,16,30)
